1.637370637
1.350154624
1.397740614
2.107074946
1.094590335
1.810729409
1.552398289
0.158812867
1.037346293
1.952684387
0.826850948
1.968425898
1.917459318
2.227849359
2.977950335
0.182907397
3.148297171
6.278926458
1.776337575
2.636781014
1.134816438
1.132235071
1.344545115
1.347919622
1.227533562
1.442184651
0.094660931
1.133204141
1.476308747
1.379264045
2.057093436
1.122743545
1.253788544
0.172035355
2.150322139
1.232426917
1.107030489
1.523754819
1.514459184
1.058802818
1.631818127
1.234514132
1.192434734
1.495158656
0.105608123
1.436972281
1.522387791
1.274966493
0.708175327
1.003201738
1.238720522
0.953049183
1.508524751
0.989097043
0.993530803
1.153699862
0.436189433
0.024988215
1.257350871
1.571091724
2.434043254
2.142250163
1.594840331
0.124387392
1.254358215
1.246874969
1.003638939
1.337227291
1.081480804
1.857415907
1.121100432
1.253994286
0.954930672
1.149977387
1.066988417
0.707104877
1.815210247
0.670740552
0.800465983
0.851598063
1.494277804
1.025907517
1.528998725
1.197950255
1.164740787
0.979840542
1.686964133
0.094223688
1.155870011
1.557391222
1.244318995
1.620018468
1.792458636
1.253788544
2.402547084
1.121100432
1.867210389
1.097006836
1.336433344
1.735355621
1.203442633
1.367145119
1.884406331
1.024861573
1.715178436
1.030853895
1.605239709
1.245841615
1.612548751
1.193057568
1.929799246
0.013626943
1.429223524
1.046865009
1.137421614
1.504079534
1.218478881
2.353139871
0.967118126
1.217847173
1.686964133
0.112361052
1.434016348
1.553192325
1.082026816
1.689823637
0.123325237
1.187977801
1.713288865
2.151509195
1.375974214
1.173046968
1.171611014
1.479364633
1.244562501
1.643791609
1.103784356
2.052039412
1.029399186
1.012712861
1.098942723
0.197533949
0.975496932
0.953120092
0.146075563
0.779462102
1.954856014
1.186617413
1.613805099
1.428010856
2.224541373
1.166479583
2.167330784
1.263996031
0.783506908
1.403564648
1.678994575
1.581387316
1.288036382
0.995125635
1.119128795
1.109323637
1.575986664
0.905357086
1.718290293
1.567582353
1.258483646
1.577019267
1.255200598
1.186324305
1.029633671
1.405285357
0.976779187
0.735970074
1.877316235
2.345628162
1.241671161
1.378690722
2.460194223
1.400293711
1.131222301
1.592875018
0.985775783
1.141978698
1.292303438
1.960742381
0.158512072
0.676770586
1.245881104
0.160523513
1.569128067
1.695317218
1.135263903
1.219696109
1.886210853
1.501245342
0.983529185
0.086219089
1.578202258
0.082290093
1.103338939
1.639757389
1.063043844
1.195691962
2.024294119
2.014393777
1.394272803
1.514607071
2.180286722
1.098821383
1.294971216
1.102755814
1.415645012
1.283972887
1.063069403
0.985775783
1.141978698
1.292303438
1.960742381
1.336433344
1.604457029
1.754738969
1.317764116
1.252149251
1.926299902
1.615113519
1.063712722
1.007541084
2.128141025
0.770569737
1.281027923
0.755596172
0.934793767
1.189612969
1.779587124
1.431219681
1.174636044
1.963530638
1.964357514
0.110335838
1.970783938
0.015979426
1.886362978
1.103584251
1.194405537
1.167055101
1.129720747
1.435157487
1.601850254
0.826850948
1.245764363
1.471019934
1.585309027
1.750263372
1.443551273
0.183612615
0.974211747
0.925231621
1.214555347
1.198920184
2.172008913
2.128276444
0.118492829
1.495157789
1.681768513
0.793498127
1.148214567
0.759698942
1.013174969
1.609617983
1.538948248
1.400293711
1.813866228
0.961929275
1.004648451
1.394311059
1.045701524
1.052045617
1.062268968
1.355952479
0.011244485
0.109103482
0.157575264
1.223089222
2.329854068
2.216786129
0.120314942
1.638687849
1.718384352
0.186186878
1.439135355
1.704220476
1.423548723
2.086959039
1.869218703
2.074666591
1.350813355
1.334340009
1.285346921
1.808106978
1.466268869
1.587727595
1.844485061
1.538948248
2.390397068
3.980424424
6.338036214
0.219212131
2.644201982
2.378525716
2.190759482
